-1.03598477851339
0.841880681982465
1.78258508533460
2.56993086526984
1.69405660331317
2.01400573769550
1.45571145284460
1.14428203429770
0.574272117655519
-0.451461497973194
-1.36020708484752
-1.57010441890311
-3.26896850307572
-2.66136792722964
-2.77916621649760
-2.08000588285343
-1.81035724113683
-1.31607018575742
-2.79919120827332
-3.81945559395629
-4.26645060470082
-4.15679201337321
-3.02805556134493
-3.31801860214496
-2.05646788400381
-1.58104307229654
-0.406926320802823
-0.279979252759177
-0.936795181707260
-2.41819425328604
-2.26270525738215
-1.44415388886114
-1.73674201969554
-2.27752843618406
-2.58617025146418
-3.68276355298965
-4.17577336830610
-4.35651272472114
-4.31067161900743
-4.37445473902977
-3.76311954496453
-3.65380185118966
-1.83978640090928
-1.52776257258001
0.276731199144178
-0.446390280426240
0.0801567573233186
-0.180094104382798
0.420048404425832
1.01397920007458
-1.17204241267365
-2.49908556219394
-3.94009915983286
-3.53825466279304
-2.06805338194452
-2.39486761073043
-1.58254460608963
-1.03700450256352
-2.08863681208436
-1.69116981628906
-2.44306455497095
-0.926797658324995
-0.959364167519476
0.676635489758817
0.251576999148786
0.841010365867007
0.778219140148682
-1.24373978990311
-2.22587131568216
-1.61336001751521
-1.66824614750388
-2.78697814995661
-3.41335668882375
-3.16383894826095
-4.15685795481055
-3.18190772999924
-3.82261723672530
-2.01375461620605
-3.09362086694487
-2.89443142286961
-4.41545798463856
-5.13908910992764
-5.73233942493844
-5.33100308511964
-4.38886976588270
-4.08838379828697
-4.46145445691797
-3.64596594882547
-2.84707895666875
-2.72687367471240
-2.15562604499792
-1.74283003468653
-2.72979191803805
-1.97022359212327
-2.62742489122162
-3.23134337259779
-3.05439655026838
-3.36190002013113
-3.49372037304702
-2.89836269916292
-1.85152991485769
-2.04948854746953
-1.72181038356233
-1.96011188815206
-1.73051499493175
-1.29051709010912
-1.90738301899835
-1.63254623208668
-1.03144419961839
-0.939136248379424
0.790705143192941
0.182147698454621
-0.554912073243184
-2.30479137963081
-1.39430879998370
-0.527226247036372
-0.607119086094409
0.291356903282732
0.475060326373982
0.765850461258435
0.878795178279486
1.31874736715193
1.42040981085227
4.20774503866570
3.04108000847106
1.18678092578137
0.0460997811117354
-1.04724367512787
