GRT_LABELLED_TIME_SERIES_CLASSIFICATION_DATA_FILE_V1.0
DatasetName: NOT_SET
InfoText: 
NumDimensions: 2
TotalNumTrainingExamples: 50
NumberOfClasses: 3
ClassIDsAndCounters: 
1	11
2	20
3	19
UseExternalRanges: 0
LabelledTimeSeriesTrainingData:
************TIME_SERIES************
ClassID: 1
TimeSeriesLength: 38
TimeSeriesData: 
2	0
0	0
0	12
58	12
58	0
-5	0
-5	0
-3	0
-3	0
-4	0
-4	0
-5	0
-5	0
-6	0
-6	0
-7	0
-7	0
-8	0
-8	0
-8	0
-8	0
-9	0
-9	0
-18	0
-18	0
-9	0
-9	0
-8	0
-8	0
-6	0
-6	0
-4	0
-4	0
-2	0
-2	0
-1	0
-1	0
1	0
************TIME_SERIES************
ClassID: 1
TimeSeriesLength: 36
TimeSeriesData: 
1	0
0	0
0	-2
99	-2
99	0
-5	0
-5	0
-3	0
-3	0
-4	0
-4	0
-6	0
-6	0
-6	0
-6	0
-8	0
-8	0
-8	0
-8	0
-9	0
-9	0
-10	0
-10	2
-8	2
-8	1
-8	1
-8	1
-7	1
-7	0
-4	0
-4	0
-3	0
-3	0
-1	0
-1	0
-1	0
************TIME_SERIES************
ClassID: 1
TimeSeriesLength: 30
TimeSeriesData: 
-1	0
0	0
0	-4
84	-4
84	-1
-9	-1
-9	0
-6	0
-6	0
-8	0
-8	0
-9	0
-9	0
-10	0
-10	0
-11	0
-11	0
-10	0
-10	0
-9	0
-9	0
-8	0
-8	0
-5	0
-5	0
-3	0
-3	0
-2	0
-2	0
1	0
************TIME_SERIES************
ClassID: 1
TimeSeriesLength: 28
TimeSeriesData: 
1	0
0	0
0	2
88	2
88	0
-6	0
-6	0
-7	0
-7	0
-7	0
-7	0
-10	0
-10	2
-20	2
-20	1
-11	1
-11	1
-11	1
-11	2
-9	2
-9	0
-8	0
-8	0
-5	0
-5	0
-3	0
-3	0
-1	0
************TIME_SERIES************
ClassID: 1
TimeSeriesLength: 32
TimeSeriesData: 
-1	0
0	0
0	-7
100	-7
100	0
-10	0
-10	0
-7	0
-7	0
-8	0
-8	0
-9	0
-9	0
-11	0
-11	0
-12	0
-12	0
-12	0
-12	1
-12	1
-12	2
-11	2
-11	1
-9	1
-9	0
-6	0
-6	0
-3	0
-3	0
-1	0
-1	0
1	0
************TIME_SERIES************
ClassID: 1
TimeSeriesLength: 30
TimeSeriesData: 
1	0
0	0
0	-1
100	-1
100	1
-6	1
-6	2
-7	2
-7	3
-21	3
-21	3
-13	3
-13	5
-26	5
-26	2
-12	2
-12	2
-9	2
-9	0
-6	0
-6	0
-3	0
-3	0
-1	0
-1	-1
0	-1
0	0
1	0
1	0
0	0
************TIME_SERIES************
ClassID: 1
TimeSeriesLength: 26
TimeSeriesData: 
0	0
0	0
0	-17
104	-17
104	2
-9	2
-9	2
-15	2
-15	2
-10	2
-10	2
-32	2
-32	2
-9	2
-9	0
-7	0
-7	0
-4	0
-4	0
-3	0
-3	0
-1	0
-1	0
0	0
0	0
0	0
************TIME_SERIES************
ClassID: 1
TimeSeriesLength: 34
TimeSeriesData: 
0	0
0	0
0	-9
84	-9
84	1
-4	1
-4	2
-7	2
-7	0
-7	0
-7	0
-10	0
-10	0
-9	0
-9	0
-11	0
-11	1
-10	1
-10	2
-11	2
-11	2
-11	2
-11	2
-8	2
-8	1
-7	1
-7	0
-3	0
-3	0
-2	0
-2	0
-1	0
-1	-1
2	-1
************TIME_SERIES************
ClassID: 1
TimeSeriesLength: 30
TimeSeriesData: 
2	0
0	0
0	-7
105	-7
105	0
-5	0
-5	0
-6	0
-6	0
-8	0
-8	0
-9	0
-9	2
-11	2
-11	1
-11	1
-11	1
-12	1
-12	2
-12	2
-12	1
-9	1
-9	1
-6	1
-6	0
-4	0
-4	0
-2	0
-2	0
-1	0
************TIME_SERIES************
ClassID: 1
TimeSeriesLength: 32
TimeSeriesData: 
-1	0
0	0
0	-3
105	-3
105	2
-5	2
-5	2
-5	2
-5	2
-7	2
-7	3
-10	3
-10	2
-12	2
-12	2
-12	2
-12	2
-12	2
-12	2
-12	2
-12	2
-10	2
-10	1
-8	1
-8	0
-6	0
-6	0
-5	0
-5	0
-2	0
-2	0
-1	0
************TIME_SERIES************
ClassID: 1
TimeSeriesLength: 24
TimeSeriesData: 
-1	0
0	0
0	-22
75	-22
75	-1
-7	-1
-7	0
-8	0
-8	0
-10	0
-10	0
-12	0
-12	5
-24	5
-24	2
-11	2
-11	1
-8	1
-8	0
-5	0
-5	0
-3	0
-3	0
0	0
************TIME_SERIES************
ClassID: 2
TimeSeriesLength: 66
TimeSeriesData: 
-1	0
0	0
0	35
116	35
116	-1
7	-1
7	-2
2	-2
2	-4
4	-4
4	-4
2	-4
2	-3
1	-3
1	-3
2	-3
2	-3
0	-3
0	-3
0	-3
0	-2
-1	-2
-1	-2
-1	-2
-1	-2
-1	-2
-1	-1
-2	-1
-2	-1
-2	-1
-2	-1
-3	-1
-3	-1
-3	-1
-3	0
-3	0
-3	1
-7	1
-7	2
-3	2
-3	3
-2	3
-2	3
-2	3
-2	2
-1	2
-1	10
-1	10
-1	4
1	4
1	4
2	4
2	3
2	3
2	3
3	3
3	2
3	2
3	1
3	1
3	0
3	0
3	0
4	0
4	-1
3	-1
************TIME_SERIES************
ClassID: 2
TimeSeriesLength: 46
TimeSeriesData: 
3	0
0	0
0	-32
-61	-32
-61	-6
3	-6
3	-8
0	-8
0	-9
-5	-9
-5	-2
-2	-2
-2	-1
-3	-1
-3	0
-5	0
-5	1
-3	1
-3	2
-4	2
-4	3
-3	3
-3	2
-2	2
-2	4
-1	4
-1	3
-1	3
-1	4
0	4
0	4
0	4
0	3
1	3
1	3
2	3
2	3
3	3
3	1
3	1
3	1
3	1
3	0
4	0
4	0
4	0
************TIME_SERIES************
ClassID: 2
TimeSeriesLength: 62
TimeSeriesData: 
4	0
0	0
0	-41
34	-41
34	-2
5	-2
5	-2
2	-2
2	-5
3	-5
3	-3
1	-3
1	-3
0	-3
0	-4
0	-4
0	-4
0	-4
0	-3
-1	-3
-1	-2
-3	-2
-3	-2
-2	-2
-2	-2
-3	-2
-3	-1
-3	-1
-3	-1
-3	-1
-3	0
-3	0
-3	2
-5	2
-5	1
-2	1
-2	2
-2	2
-2	3
-1	3
-1	5
0	5
0	4
0	4
0	9
3	9
3	4
2	4
2	3
2	3
2	2
2	2
2	1
2	1
2	0
2	0
2	-1
3	-1
3	-1
2	-1
2	-2
3	-2
************TIME_SERIES************
ClassID: 2
TimeSeriesLength: 72
TimeSeriesData: 
3	0
0	0
0	28
29	28
29	-5
3	-5
3	-4
1	-4
1	-6
0	-6
0	-5
0	-5
0	-6
0	-6
0	-5
0	-5
0	-4
-1	-4
-1	-3
-1	-3
-1	-2
-2	-2
-2	-2
-2	-2
-2	-2
-2	-2
-2	-1
-2	-1
-2	0
-3	0
-3	0
-7	0
-7	1
-4	1
-4	2
-3	2
-3	3
-4	3
-4	7
-4	7
-4	4
0	4
0	4
0	4
0	5
1	5
1	4
2	4
2	5
2	5
2	4
4	4
4	4
4	4
4	2
4	2
4	2
4	2
4	0
3	0
3	0
3	0
3	-1
3	-1
3	-2
2	-2
2	-3
3	-3
3	-4
1	-4
1	-5
0	-5
************TIME_SERIES************
ClassID: 2
TimeSeriesLength: 60
TimeSeriesData: 
0	0
0	0
0	28
-42	28
-42	-3
5	-3
5	-2
2	-2
2	-2
2	-2
2	-3
1	-3
1	-4
0	-4
0	-3
-1	-3
-1	-3
-1	-3
-1	-6
-3	-6
-3	-2
-3	-2
-3	-1
-3	-1
-3	-1
-4	-1
-4	0
-4	0
-4	4
-9	4
-9	3
-5	3
-5	5
-3	5
-3	3
-2	3
-2	4
0	4
0	3
0	3
0	3
1	3
1	3
3	3
3	3
3	3
3	2
5	2
5	2
5	2
5	0
5	0
5	-2
6	-2
6	-1
4	-1
4	-5
6	-5
6	-3
1	-3
************TIME_SERIES************
ClassID: 2
TimeSeriesLength: 66
TimeSeriesData: 
1	0
0	0
0	-18
-40	-18
-40	0
5	0
5	-1
3	-1
3	-3
5	-3
5	-2
2	-2
2	-7
3	-7
3	-3
0	-3
0	-4
0	-4
0	-3
-1	-3
-1	-4
-2	-4
-2	-3
-2	-3
-2	-3
-3	-3
-3	-2
-3	-2
-3	-1
-3	-1
-3	-1
-4	-1
-4	0
-4	0
-4	2
-4	2
-4	4
-6	4
-6	3
-3	3
-3	4
-2	4
-2	3
-2	3
-2	3
0	3
0	3
0	3
0	3
2	3
2	3
2	3
2	3
3	3
3	1
4	1
4	0
5	0
5	0
5	0
5	-2
6	-2
6	-1
4	-1
4	-3
4	-3
************TIME_SERIES************
ClassID: 2
TimeSeriesLength: 66
TimeSeriesData: 
4	0
0	0
0	-19
-19	-19
-19	-4
8	-4
8	-3
2	-3
2	-3
2	-3
2	-3
1	-3
1	-6
0	-6
0	-3
-2	-3
-2	-2
-2	-2
-2	-2
-3	-2
-3	-2
-4	-2
-4	-1
-4	-1
-4	-1
-8	-1
-8	1
-4	1
-4	2
-4	2
-4	3
-3	3
-3	4
-3	4
-3	4
-1	4
-1	3
-1	3
-1	4
-1	4
-1	4
0	4
0	4
1	4
1	3
2	3
2	2
2	2
2	2
3	2
3	0
4	0
4	-1
4	-1
4	-1
5	-1
5	-1
4	-1
4	-3
3	-3
3	-3
3	-3
3	-3
1	-3
1	-4
2	-4
************TIME_SERIES************
ClassID: 2
TimeSeriesLength: 64
TimeSeriesData: 
2	0
0	0
0	64
2	64
2	-1
5	-1
5	-2
2	-2
2	-2
3	-2
3	-3
1	-3
1	-4
1	-4
1	-5
0	-5
0	-4
0	-4
0	-4
-2	-4
-2	-4
-3	-4
-3	-3
-4	-3
-4	-2
-8	-2
-8	-1
-4	-1
-4	0
-3	0
-3	1
-4	1
-4	2
-3	2
-3	3
-3	3
-3	3
-2	3
-2	9
-3	9
-3	5
0	5
0	4
0	4
0	4
2	4
2	4
3	4
3	3
4	3
4	1
4	1
4	1
6	1
6	0
5	0
5	0
5	0
5	-1
5	-1
5	-3
4	-3
4	-2
2	-2
************TIME_SERIES************
ClassID: 2
TimeSeriesLength: 70
TimeSeriesData: 
2	0
0	0
0	15
-12	15
-12	-1
5	-1
5	-4
7	-4
7	-4
3	-4
3	-5
3	-5
3	-5
3	-5
3	-6
2	-6
2	-6
0	-6
0	-7
0	-7
0	-5
-2	-5
-2	-5
-2	-5
-2	-4
-3	-4
-3	-3
-3	-3
-3	-2
-3	-2
-3	-1
-4	-1
-4	0
-4	0
-4	2
-8	2
-8	3
-3	3
-3	3
-3	3
-3	4
-2	4
-2	5
-2	5
-2	5
0	5
0	5
0	5
0	6
1	6
1	5
2	5
2	4
3	4
3	2
4	2
4	2
3	2
3	1
4	1
4	0
3	0
3	0
4	0
4	-3
7	-3
7	-3
4	-3
4	-3
2	-3
************TIME_SERIES************
ClassID: 2
TimeSeriesLength: 58
TimeSeriesData: 
2	0
0	0
0	-34
46	-34
46	-6
1	-6
1	-3
0	-3
0	-4
-1	-4
-1	-4
-3	-4
-3	-4
-3	-4
-3	-4
-3	-4
-3	-3
-4	-3
-4	-2
-4	-2
-4	-1
-4	-1
-4	0
-4	0
-4	2
-4	2
-4	3
-4	3
-4	4
-3	4
-3	8
-5	8
-5	4
-1	4
-1	4
0	4
0	5
2	5
2	4
2	4
2	4
4	4
4	3
4	3
4	2
5	2
5	0
4	0
4	0
4	0
4	-2
4	-2
4	-3
3	-3
3	-7
3	-7
3	-5
0	-5
************TIME_SERIES************
ClassID: 2
TimeSeriesLength: 66
TimeSeriesData: 
0	0
0	0
0	4
-50	4
-50	0
5	0
5	-4
4	-4
4	-3
1	-3
1	-9
0	-9
0	-4
0	-4
0	-6
-3	-6
-3	-2
-2	-2
-2	-1
-2	-1
-2	-1
-2	-1
-2	0
-3	0
-3	0
-2	0
-2	1
-2	1
-2	2
-4	2
-4	3
-3	3
-3	3
-3	3
-3	4
-2	4
-2	7
-2	7
-2	3
0	3
0	4
2	4
2	3
2	3
2	2
4	2
4	3
5	3
5	1
5	1
5	-1
7	-1
7	-1
5	-1
5	-3
5	-3
5	-3
4	-3
4	-5
2	-5
2	-5
2	-5
2	-4
-1	-4
-1	-4
-1	-4
************TIME_SERIES************
ClassID: 2
TimeSeriesLength: 66
TimeSeriesData: 
-1	0
0	0
0	48
-31	48
-31	0
6	0
6	-2
3	-2
3	-2
3	-2
3	-3
4	-3
4	-4
2	-4
2	-4
3	-4
3	-4
1	-4
1	-4
0	-4
0	-8
-2	-8
-2	-3
-3	-3
-3	-3
-3	-3
-3	-3
-5	-3
-5	-1
-3	-1
-3	0
-4	0
-4	0
-4	0
-4	1
-4	1
-4	3
-4	3
-4	4
-4	4
-4	3
-2	3
-2	4
-1	4
-1	5
-1	5
-1	4
0	4
0	8
2	8
2	3
3	3
3	2
4	2
4	2
5	2
5	-2
10	-2
10	-3
5	-3
5	-4
4	-4
4	-3
1	-3
1	-3
0	-3
************TIME_SERIES************
ClassID: 2
TimeSeriesLength: 70
TimeSeriesData: 
0	0
0	0
0	29
-37	29
-37	3
6	3
6	0
4	0
4	0
4	0
4	-1
4	-1
4	-2
3	-2
3	-4
3	-4
3	-4
1	-4
1	-4
0	-4
0	-5
0	-5
0	-7
-3	-7
-3	-3
-3	-3
-3	-2
-3	-2
-3	-2
-3	-2
-3	0
-3	0
-3	0
-3	0
-3	1
-4	1
-4	3
-6	3
-6	3
-3	3
-3	8
-3	8
-3	4
0	4
0	5
1	5
1	4
2	4
2	5
4	5
4	3
6	3
6	2
6	2
6	0
7	0
7	-1
6	-1
6	-2
5	-2
5	-2
5	-2
5	-4
3	-4
3	-3
3	-3
3	-4
1	-4
1	-4
0	-4
************TIME_SERIES************
ClassID: 2
TimeSeriesLength: 68
TimeSeriesData: 
0	0
0	0
0	21
6	21
6	-2
6	-2
6	-2
4	-2
4	-3
3	-3
3	-10
6	-10
6	-5
1	-5
1	-9
-2	-9
-2	-3
-3	-3
-3	-3
-3	-3
-3	-2
-4	-2
-4	-1
-5	-1
-5	0
-4	0
-4	0
-6	0
-6	1
-4	1
-4	1
-4	1
-4	2
-3	2
-3	3
-2	3
-2	2
-1	2
-1	4
0	4
0	3
0	3
0	11
4	11
4	5
5	5
5	3
5	3
5	3
5	3
5	1
6	1
6	-1
5	-1
5	-1
5	-1
5	-4
3	-4
3	-5
2	-5
2	-4
1	-4
1	-5
0	-5
0	-4
0	-4
0	-4
0	-4
************TIME_SERIES************
ClassID: 2
TimeSeriesLength: 68
TimeSeriesData: 
0	0
0	0
0	28
-15	28
-15	1
4	1
4	0
3	0
3	-1
3	-1
3	-1
3	-1
3	-6
6	-6
6	-4
2	-4
2	-5
2	-5
2	-5
0	-5
0	-4
0	-4
0	-4
-1	-4
-1	-3
-1	-3
-1	-3
-2	-3
-2	-2
-3	-2
-3	-2
-3	-2
-3	-1
-7	-1
-7	0
-4	0
-4	2
-3	2
-3	2
-3	2
-3	2
-1	2
-1	2
-1	2
-1	7
-1	7
-1	5
1	5
1	5
3	5
3	4
3	4
3	4
4	4
4	3
5	3
5	1
4	1
4	-1
9	-1
9	-2
2	-2
2	-3
3	-3
3	-4
3	-4
3	-5
1	-5
************TIME_SERIES************
ClassID: 2
TimeSeriesLength: 72
TimeSeriesData: 
1	0
0	0
0	-21
-10	-21
-10	0
4	0
4	-5
7	-5
7	-4
2	-4
2	-4
2	-4
2	-3
1	-3
1	-5
0	-5
0	-5
0	-5
0	-4
-2	-4
-2	-4
-2	-4
-2	-3
-3	-3
-3	-1
-3	-1
-3	-1
-2	-1
-2	0
-2	0
-2	0
-3	0
-3	2
-4	2
-4	3
-4	3
-4	3
-4	3
-4	3
-3	3
-3	3
-3	3
-3	3
-2	3
-2	4
-1	4
-1	4
0	4
0	4
1	4
1	3
2	3
2	3
3	3
3	2
3	2
3	2
4	2
4	0
4	0
4	0
3	0
3	-1
3	-1
3	-2
3	-2
3	-2
2	-2
2	-3
2	-3
2	-4
2	-4
************TIME_SERIES************
ClassID: 2
TimeSeriesLength: 66
TimeSeriesData: 
2	0
0	0
0	-4
-30	-4
-30	0
4	0
4	-1
3	-1
3	-2
2	-2
2	-3
1	-3
1	-4
1	-4
1	-4
0	-4
0	-4
0	-4
0	-3
-2	-3
-2	-2
-2	-2
-2	-2
-4	-2
-4	-1
-5	-1
-5	0
-4	0
-4	1
-6	1
-6	4
-10	4
-10	3
-4	3
-4	4
-4	4
-4	4
-1	4
-1	3
-1	3
-1	5
0	5
0	4
2	4
2	4
3	4
3	2
4	2
4	2
5	2
5	0
6	0
6	-1
5	-1
5	-2
5	-2
5	-4
5	-4
5	-4
3	-4
3	-5
3	-5
3	-5
1	-5
1	-3
0	-3
************TIME_SERIES************
ClassID: 2
TimeSeriesLength: 66
TimeSeriesData: 
0	0
0	0
0	11
-57	11
-57	1
6	1
6	0
5	0
5	-1
4	-1
4	-2
5	-2
5	-3
5	-3
5	-3
3	-3
3	-3
3	-3
3	-4
1	-4
1	-3
0	-3
0	-3
-1	-3
-1	-2
-2	-2
-2	-3
-4	-3
-4	-3
-4	-3
-4	-1
-4	-1
-4	-1
-4	-1
-4	0
-3	0
-3	2
-4	2
-4	2
-4	2
-4	3
-3	3
-3	6
-3	6
-3	4
-1	4
-1	8
0	8
0	4
2	4
2	3
3	3
3	3
4	3
4	1
7	1
7	0
7	0
7	-1
6	-1
6	-3
7	-3
7	-3
4	-3
4	-3
3	-3
************TIME_SERIES************
ClassID: 2
TimeSeriesLength: 68
TimeSeriesData: 
3	0
0	0
0	30
-37	30
-37	2
4	2
4	0
3	0
3	0
4	0
4	0
3	0
3	-2
5	-2
5	-2
4	-2
4	-3
3	-3
3	-4
2	-4
2	-5
1	-5
1	-11
-3	-11
-3	-5
-3	-5
-3	-7
-7	-7
-7	-1
-4	-1
-4	-1
-4	-1
-4	0
-4	0
-4	1
-3	1
-3	2
-3	2
-3	3
-2	3
-2	5
-3	5
-3	3
-1	3
-1	5
-2	5
-2	5
0	5
0	4
1	4
1	3
3	3
3	3
3	3
3	2
5	2
5	1
5	1
5	0
6	0
6	0
5	0
5	-1
5	-1
5	-3
3	-3
3	-3
2	-3
************TIME_SERIES************
ClassID: 2
TimeSeriesLength: 78
TimeSeriesData: 
2	0
0	0
0	30
-20	30
-20	3
5	3
5	1
3	1
3	0
8	0
8	-2
4	-2
4	-3
4	-3
4	-3
3	-3
3	-5
2	-5
2	-4
2	-4
2	-5
0	-5
0	-5
0	-5
0	-4
-1	-4
-1	-3
-2	-3
-2	-3
-3	-3
-3	-1
-3	-1
-3	-1
-4	-1
-4	0
-4	0
-4	1
-4	1
-4	2
-4	2
-4	3
-4	3
-4	3
-3	3
-3	5
-4	5
-4	4
-2	4
-2	5
-1	5
-1	5
0	5
0	4
1	4
1	4
4	4
4	4
6	4
6	3
6	3
6	1
6	1
6	0
5	0
5	-1
4	-1
4	-2
4	-2
4	-4
2	-4
2	-4
2	-4
2	-5
3	-5
3	-5
2	-5
2	-5
2	-5
************TIME_SERIES************
ClassID: 3
TimeSeriesLength: 84
TimeSeriesData: 
2	0
0	0
0	33
9	33
9	-4
0	-4
0	-4
1	-4
1	-4
2	-4
2	-5
2	-5
2	-5
2	-5
2	-6
3	-6
3	-4
2	-4
2	-4
2	-4
2	-5
2	-5
2	-1
0	-1
0	-1
0	-1
0	0
-2	0
-2	2
-4	2
-4	1
-1	1
-1	0
-1	0
-1	0
-1	0
-1	0
-3	0
-3	0
-3	0
-3	0
-4	0
-4	0
-4	0
-4	0
-4	0
-4	0
-3	0
-3	0
-2	0
-2	0
-2	0
-2	0
-1	0
-1	0
0	0
0	1
0	1
0	3
2	3
2	2
1	2
1	6
4	6
4	4
2	4
2	5
3	5
3	5
2	5
2	6
2	6
2	5
3	5
3	5
1	5
1	3
2	3
2	2
1	2
1	1
1	1
1	1
0	1
************TIME_SERIES************
ClassID: 3
TimeSeriesLength: 78
TimeSeriesData: 
0	0
0	0
0	-13
-70	-13
-70	-5
2	-5
2	-4
2	-4
2	-13
7	-13
7	-7
3	-7
3	-6
3	-6
3	-6
3	-6
3	-4
1	-4
1	-3
1	-3
1	-1
0	-1
0	0
-1	0
-1	0
-2	0
-2	0
-3	0
-3	0
-4	0
-4	0
-5	0
-5	0
-5	0
-5	0
-6	0
-6	1
-6	1
-6	0
-5	0
-5	0
-3	0
-3	0
-2	0
-2	0
-1	0
-1	0
-1	0
-1	1
0	1
0	3
1	3
1	2
2	2
2	3
1	3
1	5
3	5
3	5
2	5
2	7
3	7
3	6
3	6
3	6
4	6
4	5
4	5
4	5
5	5
5	2
3	2
3	2
3	2
3	0
1	0
1	0
-1	0
************TIME_SERIES************
ClassID: 3
TimeSeriesLength: 64
TimeSeriesData: 
-1	0
0	0
0	-57
48	-57
48	-5
2	-5
2	-3
1	-3
1	-10
4	-10
4	-4
1	-4
1	-3
1	-3
1	-2
0	-2
0	-2
0	-2
0	-1
0	-1
0	0
-1	0
-1	2
-3	2
-3	1
-2	1
-2	1
-4	1
-4	1
-4	1
-4	2
-5	2
-5	1
-5	1
-5	1
-6	1
-6	0
-4	0
-4	0
-2	0
-2	0
-1	0
-1	1
2	1
2	1
2	1
2	4
4	4
4	2
4	2
4	3
3	3
3	3
4	3
4	3
3	3
3	2
3	2
3	2
2	2
2	1
1	1
1	1
1	1
************TIME_SERIES************
ClassID: 3
TimeSeriesLength: 68
TimeSeriesData: 
1	0
0	0
0	50
-35	50
-35	-6
5	-6
5	-6
3	-6
3	-6
4	-6
4	-7
4	-7
4	-5
3	-5
3	-4
2	-4
2	-3
1	-3
1	-2
0	-2
0	-1
-1	-1
-1	-2
-4	-2
-4	0
-2	0
-2	0
-3	0
-3	0
-3	0
-3	0
-4	0
-4	1
-4	1
-4	1
-4	1
-4	1
-3	1
-3	1
-2	1
-2	1
-2	1
-2	1
-1	1
-1	0
0	0
0	1
0	1
0	2
1	2
1	1
1	1
1	1
1	1
1	2
2	2
2	3
2	3
2	3
2	3
2	9
5	9
5	4
2	4
2	5
1	5
1	1
0	1
************TIME_SERIES************
ClassID: 3
TimeSeriesLength: 70
TimeSeriesData: 
0	0
0	0
0	-43
-18	-43
-18	-6
3	-6
3	-7
3	-7
3	-4
2	-4
2	-5
2	-5
2	-2
1	-2
1	-1
0	-1
0	0
0	0
0	-1
-2	-1
-2	0
-1	0
-1	0
-5	0
-5	0
-3	0
-3	0
-5	0
-5	0
-4	0
-4	1
-6	1
-6	2
-5	2
-5	0
-5	0
-5	0
-4	0
-4	0
-2	0
-2	0
-1	0
-1	0
1	0
1	2
1	2
1	1
2	1
2	2
2	2
2	2
3	2
3	2
3	2
3	3
3	3
3	4
4	4
4	3
2	3
2	3
3	3
3	3
1	3
1	1
1	1
1	1
0	1
0	1
1	1
************TIME_SERIES************
ClassID: 3
TimeSeriesLength: 78
TimeSeriesData: 
1	0
0	0
0	48
38	48
38	-5
1	-5
1	-5
2	-5
2	-7
3	-7
3	-8
4	-8
4	-16
9	-16
9	-6
4	-6
4	-5
2	-5
2	-2
1	-2
1	-1
0	-1
0	-1
0	-1
0	0
-1	0
-1	0
-1	0
-1	0
-4	0
-4	1
-5	1
-5	1
-5	1
-5	1
-6	1
-6	2
-5	2
-5	1
-6	1
-6	1
-4	1
-4	0
-3	0
-3	0
-1	0
-1	0
-1	0
-1	0
1	0
1	0
1	0
1	0
1	0
1	2
2	2
2	2
2	2
2	2
2	2
2	8
5	8
5	6
2	6
2	6
2	6
2	6
1	6
1	5
1	5
1	3
0	3
0	2
0	2
0	1
0	1
0	0
1	0
************TIME_SERIES************
ClassID: 3
TimeSeriesLength: 72
TimeSeriesData: 
1	0
0	0
0	-15
-28	-15
-28	-3
2	-3
2	-4
2	-4
2	-12
7	-12
7	-7
4	-7
4	-6
4	-6
4	-6
3	-6
3	-4
2	-4
2	-2
1	-2
1	-1
1	-1
1	-1
-1	-1
-1	0
0	0
0	0
-3	0
-3	0
-3	0
-3	0
-4	0
-4	1
-4	1
-4	0
-4	0
-4	0
-5	0
-5	0
-5	0
-5	0
-4	0
-4	0
-4	0
-4	0
-1	0
-1	0
0	0
0	3
1	3
1	4
3	4
3	3
2	3
2	7
5	7
5	4
2	4
2	5
2	5
2	4
1	4
1	3
1	3
1	2
1	2
1	2
1	2
1	1
1	1
1	1
1	1
************TIME_SERIES************
ClassID: 3
TimeSeriesLength: 76
TimeSeriesData: 
1	0
0	0
0	33
10	33
10	-7
4	-7
4	-5
3	-5
3	-7
3	-7
3	-8
3	-8
3	-8
4	-8
4	-6
3	-6
3	-6
2	-6
2	-4
2	-4
2	-2
1	-2
1	-2
0	-2
0	-1
-1	-1
-1	0
-1	0
-1	0
-2	0
-2	0
-3	0
-3	1
-5	1
-5	1
-5	1
-5	1
-5	1
-5	2
-6	2
-6	1
-5	1
-5	1
-5	1
-5	0
-3	0
-3	0
-1	0
-1	0
-1	0
-1	2
0	2
0	1
1	1
1	2
1	2
1	3
2	3
2	6
6	6
6	3
3	3
3	5
4	5
4	5
4	5
4	4
3	4
3	4
1	4
1	3
1	3
1	1
0	1
0	0
0	0
************TIME_SERIES************
ClassID: 3
TimeSeriesLength: 68
TimeSeriesData: 
0	0
0	0
0	-28
23	-28
23	-4
2	-4
2	-6
3	-6
3	-12
6	-12
6	-6
2	-6
2	-8
3	-8
3	-3
0	-3
0	-1
0	-1
0	-3
-2	-3
-2	0
-2	0
-2	0
-1	0
-1	0
-3	0
-3	1
-3	1
-3	1
-3	1
-3	1
-4	1
-4	2
-4	2
-4	2
-4	2
-4	1
-3	1
-3	1
-1	1
-1	0
-1	0
-1	2
1	2
1	1
1	1
1	4
3	4
3	3
1	3
1	4
2	4
2	5
2	5
2	5
3	5
3	6
2	6
2	5
3	5
3	5
2	5
2	3
2	3
2	2
1	2
1	1
1	1
************TIME_SERIES************
ClassID: 3
TimeSeriesLength: 82
TimeSeriesData: 
1	0
0	0
0	-6
-70	-6
-70	-4
3	-4
3	-5
3	-5
3	-7
5	-7
5	-12
8	-12
8	-5
3	-5
3	-4
2	-4
2	-2
1	-2
1	-2
0	-2
0	0
0	0
0	-1
0	-1
0	-3
-3	-3
-3	0
-2	0
-2	0
-2	0
-2	0
-3	0
-3	0
-4	0
-4	0
-4	0
-4	1
-6	1
-6	1
-5	1
-5	2
-5	2
-5	0
-5	0
-5	0
-3	0
-3	0
-2	0
-2	0
-2	0
-2	1
0	1
0	1
0	1
0	1
0	1
0	2
1	2
1	2
2	2
2	2
1	2
1	2
2	2
2	5
2	5
2	3
2	3
2	2
1	2
1	3
2	3
2	2
2	2
2	2
1	2
1	2
2	2
2	1
1	1
1	1
2	1
************TIME_SERIES************
ClassID: 3
TimeSeriesLength: 70
TimeSeriesData: 
2	0
0	0
0	39
26	39
26	-4
4	-4
4	-4
3	-4
3	-6
3	-6
3	-11
5	-11
5	-5
2	-5
2	-5
1	-5
1	-3
0	-3
0	-2
0	-2
0	-1
0	-1
0	-2
-4	-2
-4	0
-3	0
-3	0
-4	0
-4	1
-6	1
-6	2
-5	2
-5	1
-6	1
-6	1
-6	1
-6	1
-4	1
-4	0
-4	0
-4	0
-2	0
-2	0
-1	0
-1	1
0	1
0	2
1	2
1	2
2	2
2	2
1	2
1	3
3	3
3	3
3	3
3	3
3	3
3	5
4	5
4	4
4	4
4	3
2	3
2	2
2	2
2	1
1	1
1	2
2	2
************TIME_SERIES************
ClassID: 3
TimeSeriesLength: 66
TimeSeriesData: 
2	0
0	0
0	4
34	4
34	-5
5	-5
5	-4
3	-4
3	-6
4	-6
4	-6
4	-6
4	-10
5	-10
5	-4
1	-4
1	-4
-1	-4
-1	-1
-2	-1
-2	0
-3	0
-3	0
-4	0
-4	1
-4	1
-4	1
-4	1
-4	2
-4	2
-4	1
-4	1
-4	1
-3	1
-3	1
-2	1
-2	1
-2	1
-2	1
-2	1
-2	2
-1	2
-1	2
2	2
2	2
2	2
2	3
2	3
2	3
3	3
3	3
2	3
2	3
3	3
3	4
2	4
2	3
3	3
3	2
1	2
1	2
1	2
1	1
0	1
0	1
1	1
************TIME_SERIES************
ClassID: 3
TimeSeriesLength: 76
TimeSeriesData: 
1	0
0	0
0	-36
-47	-36
-47	-11
5	-11
5	-5
3	-5
3	-5
4	-5
4	-12
8	-12
8	-5
3	-5
3	-4
1	-4
1	-3
1	-3
1	0
0	0
0	0
-3	0
-3	0
-3	0
-3	0
-3	0
-3	1
-4	1
-4	1
-5	1
-5	1
-5	1
-5	0
-5	0
-5	0
-3	0
-3	0
-4	0
-4	0
-1	0
-1	0
-3	0
-3	1
0	1
0	2
-1	2
-1	2
0	2
0	2
0	2
0	3
0	3
0	2
1	2
1	3
2	3
2	3
2	3
2	3
4	3
4	3
4	3
4	2
3	2
3	3
2	3
2	2
2	2
2	2
0	2
0	0
0	0
0	1
0	1
0	1
0	1
************TIME_SERIES************
ClassID: 3
TimeSeriesLength: 78
TimeSeriesData: 
0	0
0	0
0	41
-26	41
-26	-3
3	-3
3	-7
7	-7
7	-5
4	-5
4	-11
7	-11
7	-4
2	-4
2	-7
3	-7
3	-1
0	-1
0	-1
-1	-1
-1	-2
-3	-2
-3	-1
-2	-1
-2	0
-3	0
-3	0
-4	0
-4	0
-4	0
-4	0
-5	0
-5	0
-4	0
-4	0
-10	0
-10	0
-4	0
-4	0
-2	0
-2	0
-1	0
-1	1
-2	1
-2	1
0	1
0	2
0	2
0	1
0	1
0	2
1	2
1	2
1	2
1	2
2	2
2	3
3	3
3	3
3	3
3	3
3	3
3	2
2	2
2	3
1	3
1	2
1	2
1	2
1	2
1	2
1	2
1	1
0	1
0	1
0	1
0	1
3	1
************TIME_SERIES************
ClassID: 3
TimeSeriesLength: 66
TimeSeriesData: 
3	0
0	0
0	7
60	7
60	-8
3	-8
3	-4
2	-4
2	-6
3	-6
3	-5
4	-5
4	-6
4	-6
4	-5
3	-5
3	-4
1	-4
1	-2
1	-2
1	-1
0	-1
0	-2
-3	-2
-3	0
-3	0
-3	0
-5	0
-5	0
-5	0
-5	1
-13	1
-13	0
-4	0
-4	0
-3	0
-3	0
-2	0
-2	0
-2	0
-2	1
0	1
0	1
0	1
0	1
0	1
0	2
2	2
2	2
2	2
2	4
2	4
2	4
4	4
4	5
4	5
4	5
3	5
3	7
4	7
4	5
3	5
3	5
1	5
1	3
2	3
************TIME_SERIES************
ClassID: 3
TimeSeriesLength: 80
TimeSeriesData: 
2	0
0	0
0	-27
-24	-27
-24	-4
1	-4
1	-3
1	-3
1	-10
7	-10
7	-4
2	-4
2	-4
3	-4
3	-3
2	-3
2	-3
1	-3
1	-1
0	-1
0	-1
0	-1
0	-2
-2	-2
-2	0
-2	0
-2	0
-3	0
-3	0
-4	0
-4	0
-4	0
-4	0
-6	0
-6	1
-6	1
-6	0
-7	0
-7	0
-6	0
-6	0
-6	0
-6	0
-3	0
-3	0
-3	0
-3	0
-1	0
-1	2
0	2
0	1
0	1
0	1
0	1
0	2
0	2
0	2
1	2
1	2
2	2
2	3
4	3
4	3
3	3
3	3
4	3
4	2
3	2
3	3
3	3
3	2
2	2
2	1
1	1
1	1
1	1
1	2
2	2
2	1
1	1
************TIME_SERIES************
ClassID: 3
TimeSeriesLength: 70
TimeSeriesData: 
1	0
0	0
0	23
-26	23
-26	-8
5	-8
5	-6
4	-6
4	-8
5	-8
5	-6
4	-6
4	-6
4	-6
4	-5
3	-5
3	-3
1	-3
1	-2
1	-2
1	-2
0	-2
0	-1
0	-1
0	-1
0	-1
0	0
-3	0
-3	0
-1	0
-1	0
-2	0
-2	0
-2	0
-2	0
-3	0
-3	0
-4	0
-4	1
-10	1
-10	1
-6	1
-6	2
-5	2
-5	1
-4	1
-4	1
-2	1
-2	1
-1	1
-1	1
0	1
0	1
1	1
1	2
1	2
1	4
5	4
5	3
3	3
3	6
8	6
8	4
3	4
3	6
4	6
4	1
1	1
1	1
0	1
************TIME_SERIES************
ClassID: 3
TimeSeriesLength: 66
TimeSeriesData: 
0	0
0	0
0	-29
34	-29
34	-7
4	-7
4	-5
3	-5
3	-6
2	-6
2	-5
2	-5
2	-5
2	-5
2	-4
1	-4
1	-3
0	-3
0	-1
0	-1
0	-2
0	-2
0	-1
-1	-1
-1	-1
-3	-1
-3	-1
-3	-1
-3	0
-4	0
-4	0
-11	0
-11	2
-6	2
-6	1
-4	1
-4	1
-1	1
-1	0
-1	0
-1	0
-1	0
-1	2
1	2
1	1
1	1
1	2
1	2
1	2
2	2
2	4
3	4
3	4
4	4
4	5
3	5
3	5
4	5
4	7
6	7
6	3
3	3
3	1
1	1
1	2
1	2
************TIME_SERIES************
ClassID: 3
TimeSeriesLength: 70
TimeSeriesData: 
1	0
0	0
0	-3
-66	-3
-66	-8
3	-8
3	-5
3	-5
3	-6
3	-6
3	-6
4	-6
4	-5
3	-5
3	-5
2	-5
2	-2
1	-2
1	-1
0	-1
0	-1
0	-1
0	0
-3	0
-3	0
-2	0
-2	1
-4	1
-4	2
-5	2
-5	0
-5	0
-5	0
-7	0
-7	0
-7	0
-7	0
-6	0
-6	0
-5	0
-5	0
-2	0
-2	0
-1	0
-1	1
0	1
0	4
3	4
3	2
2	2
2	3
2	3
2	4
4	4
4	5
4	5
4	5
5	5
5	4
3	4
3	3
3	3
3	3
1	3
1	1
0	1
0	1
0	1
0	1
1	1
